1.000000
0.982154
0.964324
0.946517
0.928743
0.911010
0.893328
0.875704
0.858147
0.840666
0.823269
0.805964
0.788759
0.771662
0.754681
0.737824
0.721097
0.704508
0.688064
0.671771
0.655636
0.639666
0.623866
0.608242
0.592801
0.577546
0.562484
0.547619
0.532956
0.518499
0.504251
0.490218
0.476402
0.462806
0.449434
0.436288
0.423371
0.410685
0.398231
0.386012
0.374028
0.362281
0.350771
0.339500
0.328467
0.317673
0.307118
0.296801
0.286722
0.276879
0.267273
0.257901
0.248763
0.239857
0.231181
0.222733
0.214511
0.206513
0.198736
0.191178
0.183837
0.176708
0.169791
0.163081
0.156575
0.150270
0.144163
0.138251
0.132529
0.126995
0.121645
0.116475
0.111481
0.106661
0.102009
0.097523
0.093198
0.089031
0.085018
0.081155
0.077439
0.073865
0.070430
0.067130
0.063962
0.060922
0.058006
0.055211
0.052534
0.049969
0.047516
0.045169
0.042926
0.040783
0.038738
0.036787
0.034928
0.033156
0.031471
0.029867
0.028344
0.026899
0.025528
0.024229
0.023001
0.021841
0.020746
0.019715
0.018745
0.017836
0.016984
0.016188
0.015447
0.014759
0.014123
0.013537
0.013000
0.012512
0.012070
0.011674
0.011324
0.011018
0.010756
0.010537
0.010361
0.010227
0.010136
0.010087

1.000000
0.987388
0.974781
0.962183
0.949596
0.937024
0.924470
0.911937
0.899429
0.886947
0.874496
0.862079
0.849698
0.837356
0.825057
0.812803
0.800597
0.788443
0.776342
0.764298
0.752314
0.740392
0.728535
0.716745
0.705026
0.693379
0.681807
0.670313
0.658899
0.647567
0.636320
0.625159
0.614087
0.603106
0.592218
0.581426
0.570730
0.560133
0.549636
0.539242
0.528952
0.518767
0.508690
0.498721
0.488863
0.479115
0.469481
0.459961
0.450556
0.441267
0.432095
0.423042
0.414108
0.405294
0.396601
0.388030
0.379581
0.371255
0.363053
0.354975
0.347022
0.339193
0.331490
0.323913
0.316461
0.309136
0.301937
0.294865
0.287919
0.281099
0.274406
0.267840
0.261400
0.255086
0.248899
0.242837
0.236901
0.231090
0.225405
0.219844
0.214408
0.209095
0.203907
0.198841
0.193898
0.189078
0.184379
0.179802
0.175345
0.171009
0.166793
0.162695
0.158717
0.154856
0.151114
0.147488
0.143978
0.140585
0.137307
0.134143
0.131094
0.128159
0.125336
0.122627
0.120029
0.117543
0.115168
0.112904
0.110750
0.108706
0.106771
0.104944
0.103227
0.101617
0.100115
0.098721
0.097434
0.096253
0.095179
0.094212
0.093350
0.092595
0.091945
0.091401
0.090962
0.090628
0.090400
0.090277

1.000000
0.989784
0.979570
0.969362
0.959161
0.948968
0.938786
0.928616
0.918460
0.908321
0.898199
0.888097
0.878017
0.867959
0.857928
0.847923
0.837946
0.828000
0.818086
0.808206
0.798362
0.788555
0.778787
0.769060
0.759375
0.749735
0.740140
0.730592
0.721094
0.711645
0.702249
0.692907
0.683620
0.674389
0.665216
0.656103
0.647052
0.638062
0.629137
0.620277
0.611483
0.602758
0.594102
0.585516
0.577003
0.568562
0.560196
0.551906
0.543692
0.535556
0.527500
0.519523
0.511628
0.503816
0.496086
0.488441
0.480882
0.473408
0.466023
0.458725
0.451517
0.444398
0.437371
0.430435
0.423592
0.416843
0.410187
0.403626
0.397161
0.390793
0.384521
0.378347
0.372271
0.366295
0.360417
0.354640
0.348964
0.343389
0.337916
0.332545
0.327277
0.322112
0.317051
0.312094
0.307241
0.302494
0.297852
0.293316
0.288886
0.284562
0.280345
0.276236
0.272234
0.268339
0.264553
0.260875
0.257306
0.253845
0.250493
0.247251
0.244118
0.241094
0.238181
0.235377
0.232684
0.230101
0.227629
0.225267
0.223016
0.220876
0.218847
0.216929
0.215122
0.213426
0.211842
0.210370
0.209009
0.207759
0.206622
0.205596
0.204682
0.203879
0.203189
0.202610
0.202144
0.201789
0.201547
0.201416

1.000000
0.991373
0.982748
0.974127
0.965511
0.956902
0.948300
0.939708
0.931126
0.922556
0.914000
0.905458
0.896932
0.888423
0.879934
0.871464
0.863016
0.854590
0.846189
0.837813
0.829464
0.821143
0.812851
0.804590
0.796361
0.788165
0.780004
0.771878
0.763790
0.755740
0.747729
0.739759
0.731831
0.723947
0.716107
0.708313
0.700565
0.692866
0.685215
0.677616
0.670067
0.662571
0.655130
0.647743
0.640411
0.633138
0.625922
0.618765
0.611669
0.604634
0.597662
0.590753
0.583908
0.577129
0.570417
0.563771
0.557194
0.550686
0.544249
0.537882
0.531588
0.525366
0.519219
0.513146
0.507148
0.501227
0.495383
0.489617
0.483930
0.478322
0.472795
0.467348
0.461984
0.456702
0.451503
0.446388
0.441358
0.436414
0.431555
0.426783
0.422098
0.417501
0.412992
0.408573
0.404243
0.400003
0.395855
0.391797
0.387831
0.383958
0.380177
0.376489
0.372896
0.369396
0.365992
0.362682
0.359468
0.356350
0.353328
0.350402
0.347574
0.344843
0.342210
0.339675
0.337238
0.334899
0.332660
0.330520
0.328479
0.326538
0.324697
0.322957
0.321316
0.319776
0.318337
0.316998
0.315761
0.314625
0.313590
0.312657
0.311825
0.311095
0.310466
0.309940
0.309515
0.309192
0.308971
0.308852

1.000000
0.992620
0.985242
0.977867
0.970497
0.963131
0.955772
0.948421
0.941078
0.933745
0.926423
0.919113
0.911816
0.904533
0.897266
0.890015
0.882782
0.875567
0.868373
0.861199
0.854047
0.846919
0.839814
0.832735
0.825683
0.818657
0.811660
0.804693
0.797756
0.790851
0.783978
0.777139
0.770335
0.763567
0.756836
0.750142
0.743488
0.736873
0.730299
0.723767
0.717277
0.710832
0.704431
0.698076
0.691767
0.685507
0.679294
0.673132
0.667019
0.660958
0.654949
0.648994
0.643092
0.637245
0.631454
0.625719
0.620042
0.614423
0.608864
0.603364
0.597925
0.592547
0.587232
0.581980
0.576792
0.571669
0.566611
0.561619
0.556694
0.551836
0.547047
0.542327
0.537677
0.533096
0.528587
0.524150
0.519785
0.515492
0.511274
0.507129
0.503060
0.499065
0.495147
0.491305
0.487540
0.483852
0.480243
0.476712
0.473261
0.469889
0.466597
0.463385
0.460255
0.457206
0.454239
0.451354
0.448552
0.445833
0.443198
0.440646
0.438179
0.435796
0.433498
0.431286
0.429158
0.427117
0.425162
0.423293
0.421511
0.419815
0.418207
0.416686
0.415252
0.413907
0.412649
0.411479
0.410397
0.409404
0.408500
0.407684
0.406957
0.406318
0.405769
0.405308
0.404937
0.404655
0.404462
0.404358

1.000000
0.993662
0.987326
0.980992
0.974662
0.968337
0.962016
0.955702
0.949396
0.943098
0.936809
0.930530
0.924263
0.918007
0.911765
0.905536
0.899323
0.893125
0.886944
0.880781
0.874637
0.868512
0.862408
0.856325
0.850265
0.844227
0.838214
0.832226
0.826264
0.820329
0.814422
0.808543
0.802694
0.796875
0.791088
0.785332
0.779610
0.773922
0.768268
0.762650
0.757069
0.751525
0.746019
0.740551
0.735124
0.729737
0.724392
0.719089
0.713829
0.708612
0.703440
0.698313
0.693233
0.688199
0.683213
0.678275
0.673386
0.668548
0.663759
0.659022
0.654337
0.649704
0.645125
0.640600
0.636129
0.631714
0.627354
0.623052
0.618806
0.614619
0.610490
0.606420
0.602410
0.598460
0.594572
0.590745
0.586980
0.583277
0.579638
0.576062
0.572551
0.569104
0.565723
0.562407
0.559158
0.555975
0.552860
0.549812
0.546832
0.543921
0.541079
0.538306
0.535603
0.532970
0.530407
0.527916
0.525496
0.523147
0.520871
0.518666
0.516535
0.514476
0.512491
0.510579
0.508741
0.506977
0.505288
0.503672
0.502132
0.500667
0.499277
0.497962
0.496723
0.495560
0.494473
0.493462
0.492527
0.491669
0.490887
0.490181
0.489553
0.489001
0.488526
0.488128
0.487807
0.487563
0.487396
0.487306

1.000000
0.994551
0.989102
0.983657
0.978214
0.972775
0.967340
0.961911
0.956489
0.951073
0.945666
0.940267
0.934878
0.929499
0.924131
0.918775
0.913432
0.908103
0.902788
0.897488
0.892204
0.886937
0.881688
0.876457
0.871245
0.866053
0.860882
0.855732
0.850605
0.845501
0.840420
0.835364
0.830333
0.825329
0.820351
0.815400
0.810479
0.805586
0.800723
0.795890
0.791089
0.786320
0.781583
0.776880
0.772211
0.767577
0.762978
0.758415
0.753889
0.749401
0.744951
0.740540
0.736169
0.731837
0.727547
0.723298
0.719091
0.714927
0.710806
0.706729
0.702697
0.698710
0.694769
0.690874
0.687026
0.683226
0.679474
0.675770
0.672116
0.668511
0.664957
0.661454
0.658002
0.654601
0.651253
0.647958
0.644717
0.641529
0.638395
0.635317
0.632293
0.629325
0.626414
0.623558
0.620760
0.618019
0.615337
0.612712
0.610146
0.607638
0.605191
0.602802
0.600474
0.598207
0.595999
0.593854
0.591769
0.589746
0.587785
0.585886
0.584050
0.582277
0.580567
0.578920
0.577336
0.575817
0.574361
0.572970
0.571643
0.570381
0.569183
0.568051
0.566983
0.565981
0.565044
0.564173
0.563368
0.562628
0.561955
0.561347
0.560805
0.560330
0.559921
0.559578
0.559301
0.559091
0.558947
0.558869

